camera_matrix:
- [294.2258319794188, 0.0, 316.0766960770353]
- [0.0, 394.72358839083086, 203.7203374915632]
- [0.0, 0.0, 1.0]
dist_coeff:
- [-0.3417687898989915, 0.16024889309579946, -0.0009768004071967697, 0.0026348766104438105,
  -0.045840164198628554]
